mpi nodes,block count,block size,n,time before gather,time after gather
1, 1, 10000, 10000, 414.615937, 415.552183
1, 1, 10000, 10000, 580.055735, 676.443082
1, 1, 10000, 10000, 420.504707, 422.051276
1, 1, 10000, 10000, 415.099695, 416.208887
1, 1, 10000, 10000, 414.253160, 415.302991
1, 1, 10000, 10000, 511.075623, 512.147809
1, 1, 10000, 10000, 413.903111, 414.952306
1, 1, 10000, 10000, 476.480742, 534.941672
1, 1, 10000, 10000, 413.541718, 414.483702
1, 1, 10000, 10000, 413.538431, 414.487069
4, 2, 5000, 10000, 105.900158, 106.627727
4, 2, 5000, 10000, 212.694176, 289.662822
4, 2, 5000, 10000, 215.141499, 216.091002
4, 2, 5000, 10000, 107.649123, 111.127572
4, 2, 5000, 10000, 126.756285, 154.482965
4, 2, 5000, 10000, 119.778879, 122.180955
4, 2, 5000, 10000, 119.511412, 120.168995
4, 2, 5000, 10000, 108.047981, 132.451774
4, 2, 5000, 10000, 106.766214, 107.462485
4, 2, 5000, 10000, 106.330058, 107.054505
9, 3, 3333, 9999, 49.924937, 50.491217
9, 3, 3333, 9999, 51.565661, 52.333452
9, 3, 3333, 9999, 49.780513, 50.347058
9, 3, 3333, 9999, 49.889849, 50.453480
9, 3, 3333, 9999, 50.900746, 51.666458
9, 3, 3333, 9999, 49.669901, 50.236849
9, 3, 3333, 9999, 49.348233, 49.911598
9, 3, 3333, 9999, 98.408895, 103.129468
9, 3, 3333, 9999, 55.190576, 56.172512
9, 3, 3333, 9999, 51.541565, 52.239202
16, 4, 2500, 10000, 30.175019, 30.919909
16, 4, 2500, 10000, 57.043653, 58.098922
16, 4, 2500, 10000, 30.682428, 31.486196
16, 4, 2500, 10000, 28.799057, 29.383198
16, 4, 2500, 10000, 51.882880, 57.655668
16, 4, 2500, 10000, 55.424265, 59.168349
16, 4, 2500, 10000, 30.493613, 31.237696
16, 4, 2500, 10000, 28.693297, 29.300663
16, 4, 2500, 10000, 29.918007, 30.555974
16, 4, 2500, 10000, 54.827538, 60.561718
25, 5, 2000, 10000, 38.546448, 39.542943
25, 5, 2000, 10000, 32.251305, 33.521856
25, 5, 2000, 10000, 22.213483, 22.906731
25, 5, 2000, 10000, 37.083974, 38.378256
25, 5, 2000, 10000, 22.585018, 23.277321
25, 5, 2000, 10000, 36.729328, 38.022649
25, 5, 2000, 10000, 22.632419, 23.324772
25, 5, 2000, 10000, 36.993408, 38.299961
25, 5, 2000, 10000, 36.740116, 38.062858
25, 5, 2000, 10000, 21.118849, 21.967194
36, 6, 1666, 9996, 15.893833, 16.754122
36, 6, 1666, 9996, 26.675573, 28.162217
36, 6, 1666, 9996, 28.387119, 29.383192
36, 6, 1666, 9996, 17.734098, 18.423428
36, 6, 1666, 9996, 15.585008, 16.444020
36, 6, 1666, 9996, 16.025999, 16.716125
36, 6, 1666, 9996, 16.114073, 16.971914
36, 6, 1666, 9996, 16.059749, 16.743244
36, 6, 1666, 9996, 16.344692, 17.206281
36, 6, 1666, 9996, 16.545400, 17.229064
