mpi nodes,block count,block size,n,time before gather,time after gather
25, 5, 2000, 10000, 24.574099, 25.265285
25, 5, 2000, 10000, 20.183252, 68.280650
25, 5, 2000, 10000, 37.513721, 42.053461
25, 5, 2000, 10000, 30.606475, 31.294767
25, 5, 2000, 10000, 36.459685, 38.834640
25, 5, 2000, 10000, 20.510444, 56.227723
25, 5, 2000, 10000, 24.281621, 24.989131
25, 5, 2000, 10000, 37.783109, 40.250975
25, 5, 2000, 10000, 20.413486, 77.490826
25, 5, 2000, 10000, 37.725208, 40.095673
25, 5, 200, 1000, 1.431488, 1.439470
25, 5, 200, 1000, 0.899908, 0.908194
25, 5, 200, 1000, 1.676164, 1.684359
25, 5, 200, 1000, 1.564247, 1.572408
25, 5, 200, 1000, 1.516247, 1.524526
25, 5, 200, 1000, 1.555518, 1.563786
25, 5, 200, 1000, 1.555459, 1.563728
25, 5, 200, 1000, 1.593170, 1.600777
25, 5, 200, 1000, 1.075869, 1.083279
25, 5, 200, 1000, 1.612482, 1.620041
25, 5, 400, 2000, 2.149205, 2.191891
25, 5, 400, 2000, 2.603808, 2.631841
25, 5, 400, 2000, 1.940419, 1.968007
25, 5, 400, 2000, 2.111402, 2.138292
25, 5, 400, 2000, 1.828521, 1.856311
25, 5, 400, 2000, 2.158098, 2.184484
25, 5, 400, 2000, 2.664756, 2.695576
25, 5, 400, 2000, 2.245423, 2.285662
25, 5, 400, 2000, 2.048563, 2.090635
25, 5, 400, 2000, 2.015748, 2.057826
25, 5, 600, 3000, 6.104701, 6.174106
25, 5, 600, 3000, 4.305089, 4.396676
25, 5, 600, 3000, 3.158136, 3.275205
25, 5, 600, 3000, 3.775032, 3.866252
25, 5, 600, 3000, 3.334388, 3.406478
25, 5, 600, 3000, 3.049382, 3.136043
25, 5, 600, 3000, 4.318712, 4.389342
25, 5, 600, 3000, 3.034202, 3.125615
25, 5, 600, 3000, 5.041921, 5.113648
25, 5, 600, 3000, 2.930445, 2.993348
25, 5, 800, 4000, 5.749335, 5.872962
25, 5, 800, 4000, 5.832221, 5.960805
25, 5, 800, 4000, 7.773570, 7.918830
25, 5, 800, 4000, 6.370244, 6.494215
25, 5, 800, 4000, 4.360502, 4.481339
25, 5, 800, 4000, 12.553692, 12.717591
25, 5, 800, 4000, 4.801298, 4.922320
25, 5, 800, 4000, 7.494175, 7.617613
25, 5, 800, 4000, 7.851116, 7.979384
25, 5, 800, 4000, 8.872793, 8.986212
25, 5, 1000, 5000, 12.104433, 12.358924
25, 5, 1000, 5000, 6.458881, 6.646209
25, 5, 1000, 5000, 10.674780, 11.012093
25, 5, 1000, 5000, 13.408687, 13.681171
25, 5, 1000, 5000, 7.850992, 8.011240
25, 5, 1000, 5000, 9.251087, 9.495759
25, 5, 1000, 5000, 12.529545, 12.688853
25, 5, 1000, 5000, 9.520656, 9.761518
25, 5, 1000, 5000, 8.997368, 9.174783
25, 5, 1000, 5000, 7.415769, 7.575626
25, 5, 1200, 6000, 17.356608, 17.723520
25, 5, 1200, 6000, 12.611699, 12.843829
25, 5, 1200, 6000, 14.816056, 15.170922
25, 5, 1200, 6000, 10.501906, 10.765653
25, 5, 1200, 6000, 10.174595, 10.404090
25, 5, 1200, 6000, 15.549976, 15.902154
25, 5, 1200, 6000, 11.685946, 11.916947
25, 5, 1200, 6000, 15.540554, 15.900733
25, 5, 1200, 6000, 11.265168, 11.516846
25, 5, 1200, 6000, 8.854981, 9.084611
25, 5, 1400, 7000, 15.280274, 15.832860
25, 5, 1400, 7000, 10.491209, 11.072909
25, 5, 1400, 7000, 15.549713, 16.071918
25, 5, 1400, 7000, 12.930244, 13.274084
25, 5, 1400, 7000, 10.189596, 10.500895
25, 5, 1400, 7000, 16.965107, 17.441529
25, 5, 1400, 7000, 11.275598, 11.587885
25, 5, 1400, 7000, 16.366959, 16.840296
25, 5, 1400, 7000, 15.943263, 16.666318
25, 5, 1400, 7000, 11.857344, 12.169244
25, 5, 1600, 8000, 20.462184, 21.085029
25, 5, 1600, 8000, 11.112876, 11.527933
25, 5, 1600, 8000, 20.369246, 20.992362
25, 5, 1600, 8000, 19.915694, 20.993085
25, 5, 1600, 8000, 11.226590, 11.631696
25, 5, 1600, 8000, 19.907350, 20.690329
25, 5, 1600, 8000, 11.454649, 11.860595
25, 5, 1600, 8000, 19.645393, 20.434320
25, 5, 1600, 8000, 19.851187, 21.105843
25, 5, 1600, 8000, 11.329831, 11.744837
25, 5, 1800, 9000, 26.887631, 28.636212
25, 5, 1800, 9000, 15.962530, 16.470808
25, 5, 1800, 9000, 29.118131, 29.943932
25, 5, 1800, 9000, 18.268696, 18.825678
25, 5, 1800, 9000, 15.433702, 15.945834
25, 5, 1800, 9000, 18.430213, 18.988720
25, 5, 1800, 9000, 15.405078, 39.318179
25, 5, 1800, 9000, 27.704936, 29.867755
25, 5, 1800, 9000, 27.971380, 29.456358
25, 5, 1800, 9000, 14.807564, 27.560646
