mpi nodes,omp threads,num blocks,block size,n,time before mult,time after gather
1, 2, 1, 10000, 10000, 457.158397, 492.471511
1, 2, 1, 10000, 10000, 411.710512, 412.350480
1, 2, 1, 10000, 10000, 415.172624, 415.826806
1, 2, 1, 10000, 10000, 414.161735, 415.071468
1, 2, 1, 10000, 10000, 413.319011, 414.230490
1, 2, 1, 10000, 10000, 512.532913, 603.220554
1, 2, 1, 10000, 10000, 509.957078, 604.538131
1, 2, 1, 10000, 10000, 453.020418, 503.312378
1, 2, 1, 10000, 10000, 414.946483, 415.880880
1, 2, 1, 10000, 10000, 413.937049, 414.876589
4, 2, 2, 5000, 10000, 106.529573, 107.152761
4, 2, 2, 5000, 10000, 106.467198, 107.091155
4, 2, 2, 5000, 10000, 105.511450, 106.686515
4, 2, 2, 5000, 10000, 105.974424, 106.591416
4, 2, 2, 5000, 10000, 105.709499, 106.331541
4, 2, 2, 5000, 10000, 105.859253, 107.023106
4, 2, 2, 5000, 10000, 106.020029, 106.659311
4, 2, 2, 5000, 10000, 106.646454, 107.631228
4, 2, 2, 5000, 10000, 105.763152, 107.814465
4, 2, 2, 5000, 10000, 106.187857, 107.345499
9, 2, 3, 3333, 9999, 49.929842, 50.553240
9, 2, 3, 3333, 9999, 49.347749, 50.002342
9, 2, 3, 3333, 9999, 49.554352, 50.174242
9, 2, 3, 3333, 9999, 50.376837, 51.024325
9, 2, 3, 3333, 9999, 49.290013, 49.915905
9, 2, 3, 3333, 9999, 49.786516, 50.397585
9, 2, 3, 3333, 9999, 49.585300, 50.205055
9, 2, 3, 3333, 9999, 49.370061, 50.019417
9, 2, 3, 3333, 9999, 49.574195, 50.199779
9, 2, 3, 3333, 9999, 49.358649, 49.969462
16, 2, 4, 2500, 10000, 28.788390, 29.414368
16, 2, 4, 2500, 10000, 30.712401, 31.351882
16, 2, 4, 2500, 10000, 28.934145, 29.561018
16, 2, 4, 2500, 10000, 28.773406, 29.413015
16, 2, 4, 2500, 10000, 29.328458, 29.954266
16, 2, 4, 2500, 10000, 28.898474, 29.532638
16, 2, 4, 2500, 10000, 28.360807, 28.932392
16, 2, 4, 2500, 10000, 29.132607, 29.758261
16, 2, 4, 2500, 10000, 29.533422, 30.161420
16, 2, 4, 2500, 10000, 30.141874, 34.698856
25, 2, 5, 2000, 10000, 19.661124, 20.321646
25, 2, 5, 2000, 10000, 19.391131, 20.048762
25, 2, 5, 2000, 10000, 19.514966, 20.174587
25, 2, 5, 2000, 10000, 19.242707, 19.901283
25, 2, 5, 2000, 10000, 19.267955, 19.926233
25, 2, 5, 2000, 10000, 18.967732, 19.626124
25, 2, 5, 2000, 10000, 19.218519, 19.878032
25, 2, 5, 2000, 10000, 18.987689, 19.646620
25, 2, 5, 2000, 10000, 19.578962, 20.237983
25, 2, 5, 2000, 10000, 19.199581, 19.856944
36, 2, 6, 1666, 9996, 14.286607, 14.949177
36, 2, 6, 1666, 9996, 13.780710, 14.442326
36, 2, 6, 1666, 9996, 13.723046, 14.385190
36, 2, 6, 1666, 9996, 13.979288, 14.640083
36, 2, 6, 1666, 9996, 14.285586, 14.948299
36, 2, 6, 1666, 9996, 13.936838, 14.599099
36, 2, 6, 1666, 9996, 14.471634, 15.133616
36, 2, 6, 1666, 9996, 13.968460, 14.629821
36, 2, 6, 1666, 9996, 13.941955, 14.602778
36, 2, 6, 1666, 9996, 14.446389, 15.108859
