mpi cores,omp threads,num blocks,block size,n,end mult,time after gather
25, 2, 5, 200, 1000, 0.251616, 0.257980
25, 2, 5, 200, 1000, 0.263898, 0.270297
25, 2, 5, 200, 1000, 0.249696, 0.255746
25, 2, 5, 200, 1000, 0.254409, 0.260486
25, 2, 5, 200, 1000, 0.263905, 0.269971
25, 2, 5, 200, 1000, 0.263012, 0.269132
25, 2, 5, 200, 1000, 0.252424, 0.258826
25, 2, 5, 200, 1000, 0.265895, 0.271938
25, 2, 5, 200, 1000, 0.249919, 0.256390
25, 2, 5, 200, 1000, 0.262944, 0.269083
25, 2, 5, 400, 2000, 0.390704, 0.415117
25, 2, 5, 400, 2000, 0.418490, 0.444266
25, 2, 5, 400, 2000, 0.422737, 0.449156
25, 2, 5, 400, 2000, 0.462132, 0.488525
25, 2, 5, 400, 2000, 0.414231, 0.440856
25, 2, 5, 400, 2000, 0.435885, 0.462366
25, 2, 5, 400, 2000, 0.413194, 0.439725
25, 2, 5, 400, 2000, 0.418255, 0.444656
25, 2, 5, 400, 2000, 0.440074, 0.466447
25, 2, 5, 400, 2000, 0.468006, 0.494700
25, 2, 5, 600, 3000, 0.857265, 0.917125
25, 2, 5, 600, 3000, 0.801546, 0.855792
25, 2, 5, 600, 3000, 0.834181, 0.893847
25, 2, 5, 600, 3000, 0.787573, 0.847067
25, 2, 5, 600, 3000, 0.885998, 0.945509
25, 2, 5, 600, 3000, 0.827319, 0.886635
25, 2, 5, 600, 3000, 0.830290, 0.889687
25, 2, 5, 600, 3000, 0.792993, 0.852292
25, 2, 5, 600, 3000, 0.868678, 0.928355
25, 2, 5, 600, 3000, 0.859146, 0.918474
25, 2, 5, 800, 4000, 1.589496, 1.695439
25, 2, 5, 800, 4000, 1.525614, 1.630910
25, 2, 5, 800, 4000, 1.593349, 1.699649
25, 2, 5, 800, 4000, 1.551454, 1.657291
25, 2, 5, 800, 4000, 1.577568, 1.683816
25, 2, 5, 800, 4000, 1.564072, 1.669195
25, 2, 5, 800, 4000, 1.653402, 1.759184
25, 2, 5, 800, 4000, 1.570585, 1.676006
25, 2, 5, 800, 4000, 1.671916, 1.778038
25, 2, 5, 800, 4000, 1.630808, 1.735939
25, 2, 5, 1000, 5000, 3.065470, 3.232313
25, 2, 5, 1000, 5000, 2.718083, 2.883667
25, 2, 5, 1000, 5000, 2.761759, 2.927857
25, 2, 5, 1000, 5000, 2.696324, 2.862036
25, 2, 5, 1000, 5000, 2.804371, 2.970725
25, 2, 5, 1000, 5000, 2.696500, 2.862593
25, 2, 5, 1000, 5000, 2.756370, 2.922762
25, 2, 5, 1000, 5000, 2.667133, 2.832956
25, 2, 5, 1000, 5000, 2.907293, 3.073780
25, 2, 5, 1000, 5000, 2.721229, 2.887434
25, 2, 5, 1200, 6000, 4.523961, 4.762868
25, 2, 5, 1200, 6000, 5.047530, 5.286275
25, 2, 5, 1200, 6000, 4.464380, 4.703290
25, 2, 5, 1200, 6000, 4.473590, 4.711720
25, 2, 5, 1200, 6000, 4.535637, 4.774473
25, 2, 5, 1200, 6000, 4.368525, 4.606675
25, 2, 5, 1200, 6000, 4.514994, 4.753626
25, 2, 5, 1200, 6000, 4.391118, 4.629763
25, 2, 5, 1200, 6000, 4.466953, 4.705930
25, 2, 5, 1200, 6000, 4.406955, 4.645118
25, 2, 5, 1400, 7000, 7.620730, 7.945721
25, 2, 5, 1400, 7000, 7.486367, 7.810096
25, 2, 5, 1400, 7000, 7.703293, 8.027491
25, 2, 5, 1400, 7000, 7.455825, 7.779452
25, 2, 5, 1400, 7000, 6.794431, 7.119893
25, 2, 5, 1400, 7000, 7.612329, 7.936741
25, 2, 5, 1400, 7000, 7.174714, 7.499709
25, 2, 5, 1400, 7000, 6.985325, 7.309827
25, 2, 5, 1400, 7000, 6.976739, 7.300648
25, 2, 5, 1400, 7000, 6.710592, 7.035373
25, 2, 5, 1600, 8000, 10.238370, 10.662221
25, 2, 5, 1600, 8000, 10.583132, 11.005969
25, 2, 5, 1600, 8000, 10.472826, 10.894154
25, 2, 5, 1600, 8000, 10.505182, 10.927220
25, 2, 5, 1600, 8000, 10.419404, 10.840985
25, 2, 5, 1600, 8000, 10.091395, 10.513735
25, 2, 5, 1600, 8000, 10.671065, 11.093263
25, 2, 5, 1600, 8000, 10.482360, 10.905293
25, 2, 5, 1600, 8000, 10.837609, 11.259846
25, 2, 5, 1600, 8000, 10.474256, 10.897970
25, 2, 5, 1800, 9000, 14.234767, 14.768757
25, 2, 5, 1800, 9000, 13.796335, 14.328999
25, 2, 5, 1800, 9000, 14.213560, 14.747818
25, 2, 5, 1800, 9000, 13.951752, 14.484929
25, 2, 5, 1800, 9000, 14.519826, 15.053574
25, 2, 5, 1800, 9000, 14.054424, 14.587634
25, 2, 5, 1800, 9000, 14.490257, 15.026193
25, 2, 5, 1800, 9000, 14.245706, 14.778436
25, 2, 5, 1800, 9000, 14.491734, 15.027724
25, 2, 5, 1800, 9000, 14.058825, 14.591438
25, 2, 5, 2000, 10000, 19.239290, 19.898606
25, 2, 5, 2000, 10000, 18.887585, 19.547481
25, 2, 5, 2000, 10000, 18.776362, 19.437349
25, 2, 5, 2000, 10000, 19.391327, 20.048936
25, 2, 5, 2000, 10000, 19.230619, 19.891900
25, 2, 5, 2000, 10000, 18.917549, 19.573822
25, 2, 5, 2000, 10000, 19.459902, 20.118617
25, 2, 5, 2000, 10000, 18.901083, 19.558299
25, 2, 5, 2000, 10000, 19.560936, 20.218910
25, 2, 5, 2000, 10000, 19.176142, 19.833419
