n,time
10000,3788.003658
10000,3590.998910
10000,4753.999241
10000,3792.002332
10000,3522.026502
10000,3793.082547
10000,3499.023039
10000,3491.028045
10000,3951.007646
10000,6259.051967
10000,3856.975238
10000,6255.996764
10000,3853.917951
10000,3851.051238
10000,3679.030956
10000,3608.072462
10000,3673.028753
10000,3596.031336
1000,7.031339
1000,3.018425
1000,3.989391
1000,2.993800
1000,3.990592
1000,2.991128
1000,3.028694
1000,3.011004
1000,3.929651
1000,3.912826
1000,3.029046
1000,3.014023
1000,2.001778
1000,4.051286
1000,4.933453
1000,5.052034
1000,5.048553
1000,3.011312
1000,7.003516
1000,3.950061
2000,60.950778
2000,45.014238
2000,59.995275
2000,25.002560
2000,60.007788
2000,28.045849
2000,60.035781
2000,28.051459
2000,60.025780
2000,28.049145
2000,60.037625
2000,28.939651
2000,60.964907
2000,44.052954
2000,60.968245
2000,44.982874
2000,60.057827
2000,45.911394
2000,60.058201
2000,45.025438
3000,110.996652
3000,159.016013
3000,126.012251
3000,123.045461
3000,91.046216
3000,123.016219
3000,92.966623
3000,122.983558
3000,92.971417
3000,158.991928
3000,90.938381
3000,159.013541
3000,94.917675
3000,159.044392
3000,90.003321
3000,159.062947
3000,103.006710
3000,159.080548
3000,110.060315
3000,159.038756
4000,230.005928
4000,366.998305
4000,240.949338
4000,281.965685
4000,240.014296
4000,235.995564
4000,310.022948
4000,236.006309
4000,309.940160
4000,236.033276
4000,309.040801
4000,236.001192
4000,309.019747
4000,246.987841
4000,309.066211
4000,246.966363
4000,219.909430
4000,217.967379
4000,229.037522
4000,218.008690
5000,428.999229
5000,738.980420
5000,437.023167
5000,671.901570
5000,544.081345
5000,670.982632
5000,540.994773
5000,669.996416
5000,545.062796
5000,669.022045
5000,545.064354
5000,670.979347
5000,554.964611
5000,669.980419
5000,446.089486
5000,737.967253
5000,449.012436
5000,737.082980
5000,448.963035
5000,738.065666
6000,722.925897
6000,1187.035505
6000,740.006802
6000,1070.999269
6000,766.965975
6000,1070.002439
6000,885.991043
6000,1070.074034
6000,885.969969
6000,854.060739
6000,1498.970163
6000,846.990784
6000,1477.057560
6000,850.942150
6000,1512.072020
6000,851.993091
6000,916.037420
6000,1186.978569
6000,718.968674
6000,1185.986588
7000,1585.980715
7000,2120.939436
7000,1175.022848
7000,2097.993905
7000,1354.948052
7000,2093.998794
7000,1349.965005
7000,2095.991784
7000,1350.059566
7000,2093.008621
7000,1354.048082
7000,1268.043108
7000,1194.999174
7000,1270.936575
7000,1195.066548
7000,1268.965400
7000,1215.998578
7000,1195.011871
7000,1215.003793
7000,2131.026602
8000,2781.035368
8000,2927.027016
8000,2611.060813
8000,3543.015545
8000,2608.020712
8000,3536.929054
8000,2606.948301
8000,3533.966962
8000,2604.004903
8000,3533.977112
8000,2602.007308
8000,3561.000164
8000,2629.046005
8000,3527.972371
8000,2131.068755
8000,2918.969558
8000,2021.969727
8000,2924.947159
8000,2005.005428
8000,2929.048332
9000,3035.002266
9000,2816.072673
9000,4014.016124
9000,3760.029486
9000,4017.001531
9000,3759.937379
9000,4010.918559
9000,2645.975879
9000,4012.050486
9000,2647.982170
9000,4002.994202
9000,3356.006880
9000,2521.017748
9000,2608.949861
9000,2473.057612
9000,3524.917248
