n,time
10000, 410.006173
10000, 427.029917
10000, 423.961412
10000, 424.997456
10000, 426.963750
10000, 430.024708
10000, 433.040919
10000, 432.992488
10000, 431.042625
10000, 410.001667
1000, 0.043499
1000, 0.043786
1000, 0.044611
1000, 0.044341
1000, 0.044502
1000, 0.943624
1000, 0.943462
1000, 0.966496
1000, 0.987321
1000, 0.960126
2000, 3.955530
2000, 7.004756
2000, 7.924493
2000, 7.023821
2000, 7.021288
2000, 7.026055
2000, 7.027768
2000, 7.028041
2000, 7.027000
2000, 3.939726
3000, 11.980119
3000, 20.079034
3000, 21.002655
3000, 21.025037
3000, 21.964289
3000, 21.956492
3000, 21.964872
3000, 11.929762
3000, 11.054150
3000, 11.051978
4000, 39.910950
4000, 45.012874
4000, 45.018617
4000, 45.940492
4000, 45.942312
4000, 31.065988
4000, 31.067441
4000, 32.004183
4000, 34.009786
4000, 40.964291
5000, 62.938383
5000, 98.935482
5000, 98.020265
5000, 53.977389
5000, 55.906084
5000, 60.029284
5000, 59.955174
5000, 61.036909
5000, 62.951510
5000, 62.061909
6000, 100.014862
6000, 90.046206
6000, 89.973907
6000, 89.969839
6000, 89.982079
6000, 91.961642
6000, 91.958630
6000, 92.053838
6000, 92.010677
6000, 98.050101
7000, 148.961518
7000, 234.074811
7000, 242.990350
7000, 239.006469
7000, 236.048677
7000, 237.985999
7000, 236.038808
7000, 148.988772
7000, 148.031069
7000, 148.011362
8000, 211.007821
8000, 219.006490
8000, 220.991980
8000, 221.014300
8000, 221.044820
8000, 211.953949
8000, 211.020191
8000, 211.005179
8000, 211.053239
8000, 211.014444
9000, 300.914067
9000, 301.926258
9000, 299.971087
9000, 301.936092
9000, 301.032928
9000, 299.072452
9000, 300.030204
9000, 300.013024
9000, 299.990283
9000, 299.994328
